report_date,tBalance,yBalance,total_purchase_amt,direct_purchase_amt,purchase_bal_amt,purchase_bank_amt,total_redeem_amt,consume_amt,transfer_amt,tftobal_amt,tftocard_amt,share_amt
2013/7/1,252327861,225364535,32488348,32458786,21250722,11208064,5525022,382160,5142862,5142862,0,29562
2013/7/2,278810703,252327861,29037390,29007510,16561183,12446327,2554548,350066,2204482,2204482,0,29880
2013/7/3,300127606,278810703,27270770,27234156,20493660,6740496,5953867,454406,5499461,5499461,0,36614
2013/7/4,312038062,300127606,18321185,18282230,12108178,6174052,6410729,535391,5875338,5875338,0,38955
2013/7/5,320923224,312038062,11648749,11607991,6930431,4677560,2763587,697926,2065661,2065661,0,40758
2013/7/6,356057861,320923224,36751272,36709190,31533483,5175707,1616635,300533,1316102,1316102,0,42082
2013/7/7,361037358,356057861,8962232,8920335,5257768,3662567,3982735,336880,3645855,3645855,0,41897
2013/7/8,409947895,361037358,57258266,57218409,47490938,9727471,8347729,852530,7495199,7495199,0,39857
2013/7/9,433273777,409947895,26798941,26755943,21541164,5214779,3473059,765509,2707550,2707550,0,42998
2013/7/10,461373114,433273777,30696506,30644691,20475437,10169254,2597169,603737,1993432,1993432,0,51815
2013/7/11,501939511,461373114,44075197,44021031,38701392,5319639,3508800,981695,2527105,2527105,0,54166
2013/7/12,527630842,501939511,34183904,34126845,28358933,5767912,8492573,1371072,7121501,7121501,0,57059
2013/7/13,539312730,527630842,15164717,15103661,8461168,6642493,3482829,309654,3173175,3173175,0,61056
2013/7/14,559143926,539312730,22615303,22554354,18447507,4106847,2784107,592038,2192069,2192069,0,60949
2013/7/15,594164538,559143926,48128555,48069686,28401224,19668462,13107943,1521794,11586149,11586149,0,58869
2013/7/16,632922404,594164538,50622847,50559618,39657799,10901819,11864981,1529687,10335294,10335294,0,63229
2013/7/17,651026573,632922404,29015682,28946382,25167271,3779111,10911513,2109498,8802015,8802015,0,69300
2013/7/18,663495722,651026573,24234505,24160561,12633212,11527349,11765356,3195410,8569946,8569946,0,73944
2013/7/19,687931077,663495722,33680124,33603190,25296006,8307184,9244769,1204252,8040517,8040517,0,76934
2013/7/20,703769013,687931077,20439079,20360981,14965131,5395850,4601143,1780862,2820281,2820281,0,78098
2013/7/21,722230076,703769013,21142394,21064648,14155152,6909496,2681331,761299,1920032,1920032,0,77746
2013/7/22,743534705,722230076,40448896,40374049,33166661,7207388,19144267,605231,18539036,18539036,0,74847
2013/7/23,777266801,743534705,58136147,58056583,48105087,9951496,24404051,2173231,22230820,22230820,0,79564
2013/7/24,789430727,777266801,48422518,48337561,38512434,9825127,36258592,712047,35546545,35546545,0,84957
2013/7/25,808651309,789430727,57433418,57347209,42064761,15282448,38212836,1557611,36655225,36655225,0,86209
2013/7/26,814180757,808651309,44721817,44633279,33299638,11333641,39192369,1035450,38156919,38156919,0,88538
2013/7/27,816316315,814180757,17194451,17102400,10482577,6619823,15058893,1922114,13136779,13136779,0,92051
2013/7/28,844888486,816316315,36255382,36164421,32964064,3200357,7683211,1161872,6521339,6521339,0,90961
2013/7/29,879801198,844888486,53512076,53423360,41820041,11603319,18599364,1202332,17397032,17397032,0,88716
2013/7/30,914233859,879801198,47481243,47387817,33779762,13608055,13048582,1318647,11729935,11729935,0,93426
2013/7/31,959269456,914233859,54569637,54465204,46575247,7889957,9534040,1191442,8342598,8342598,0,104433
2013/8/1,993774950,959269456,53369962,53261431,29717147,23544284,18864468,1935577,16928891,16928891,0,108531
2013/8/2,991688717,993774950,38064536,37949861,25198904,12750957,40150769,1140935,39009834,39009834,0,114675
2013/8/3,992582709,991688717,21595789,21479421,10093238,11386183,20701797,1725397,18976400,18976400,0,116368
2013/8/4,1030063998,992582709,45745254,45630463,41159712,4470751,8263965,1389042,6874923,6874923,0,114791
2013/8/5,1057898694,1030063998,43632203,43520180,18112798,25407382,15797507,1757807,14039700,14039700,0,112023
2013/8/6,1092363491,1057898694,50866184,50749514,38122413,12627101,16401387,2956008,13445379,13445379,0,116670
2013/8/7,1106562866,1092363491,43908081,43781998,29774898,14007100,29708706,1552975,28155731,28155731,0,126083
2013/8/8,1121504665,1106562866,44493490,44364177,32476695,11887482,29551691,1136867,28414824,28414824,0,129313
2013/8/9,1124798836,1121504665,33425186,33294291,26619531,6674760,30131015,3500833,26630182,26630182,0,130895
2013/8/10,1118799735,1124798836,20615307,20482505,15003071,5479434,26614408,1290443,25323965,25323965,0,132802
2013/8/11,1158946598,1118799735,55519543,55388879,49401320,5987559,15372680,925608,14447072,14447072,0,130664
2013/8/12,1224880431,1158946598,94520502,94394024,77433832,16960192,28586669,2062992,26523677,26523677,0,126478
2013/8/13,1244810922,1224880431,48720919,48590757,28460439,20130318,28790328,3646077,25144251,25144251,0,130162
2013/8/14,1260320406,1244810922,30541167,30394880,22991641,7403239,15031683,2060843,12970840,12970840,0,146287
2013/8/15,1250082301,1260320406,42421222,42271280,30267955,12003325,52659327,6412165,46247162,46247162,0,149942
2013/8/16,1258025993,1250082301,41683536,41535972,29961502,11574470,33739844,1588741,32151103,32151103,0,147564
2013/8/17,1271021529,1258025993,17670519,17522875,10792404,6730471,4674983,1555761,3119222,3119222,0,147644
2013/8/18,1315506321,1271021529,59703092,59555804,48363051,11192753,15218300,1049130,14169170,13607144,562026,147288
2013/8/19,1396351270,1315506321,109184209,109039743,93558910,15480833,28339260,2827001,25512259,24585884,926375,144466
2013/8/20,1419895554,1396351270,53675509,53525266,32336915,21188351,30131225,2331156,27800069,22614527,5185542,150243
2013/8/21,1428096658,1419895554,38184446,38016570,22840717,15175853,29983342,1487466,28495876,28056688,439188,167876
2013/8/22,1492226723,1428096658,89130737,88961196,75601493,13359703,25000672,2011337,22989335,4751853,18237482,169541
2013/8/23,1504424975,1492226723,37878575,37707135,21923609,15783526,25680323,2928413,22751910,16963681,5788229,171440
2013/8/24,1534475645,1504424975,44367268,44188538,32022342,12166196,14316598,3151997,11164601,5951141,5213460,178730
2013/8/25,1559664125,1534475645,43306288,43128521,28531519,14597002,18117808,1946279,16171529,8774008,7397521,177767
2013/8/26,1613522680,1559664125,74496541,74325753,50885562,23440191,20637986,3918170,16719816,7070763,9649053,170788
2013/8/27,1598653075,1613522680,45268028,45089370,33855884,11233486,60137633,1713586,58424047,5683840,52740207,178658
2013/8/28,1611558533,1598653075,46602319,46414328,26923896,19490432,33696861,3193850,30503011,27302135,3200876,187991
2013/8/29,1623132231,1611558533,47518666,47312464,36868023,10444441,35944968,9618879,26326089,6450910,19875179,206202
2013/8/30,1658990323,1623132231,56488844,56266206,37466526,18799680,20630752,7687108,12943644,6673809,6269835,222638
2013/8/31,1684633610,1658990323,47655303,47459849,25669538,21790311,22012016,3582164,18429852,16052130,2377722,195454
2013/9/1,1681533463,1684633610,56239802,56045782,36564187,19481595,59339949,8984938,50355011,4349781,46005230,194020
2013/9/2,1804592678,1681533463,140844739,140622201,103991419,36630782,17785524,4903664,12881860,6708784,6173076,222538
2013/9/3,1845772414,1804592678,80507880,80314060,51070577,29243483,39328144,3826502,35501642,13629313,21872329,193820
2013/9/4,1851686522,1845772414,33366708,33149101,22039123,11109978,27452600,5123201,22329399,4079727,18249672,217607
2013/9/5,1868602123,1851686522,38716505,38491932,18051917,20440015,21800904,4026090,17774814,5870621,11904193,224573
2013/9/6,1874107406,1868602123,38923186,38648043,17570388,21077655,33417903,2960086,30457817,16081369,14376448,275143
2013/9/7,1887839165,1874107406,34076183,33848786,19377542,14471244,20344424,4674119,15670305,8126616,7543689,227397
2013/9/8,1911716952,1887839165,38796909,38571047,23022708,15548339,14919122,3458751,11460371,6590099,4870272,225862
2013/9/9,1915408239,1911716952,49312473,49051334,28145783,20905551,45621186,5640803,39980383,22470137,17510246,261139
2013/9/10,1972964019,1915408239,94684143,94427415,59214774,35212641,37128363,4737939,32390424,14101974,18288450,256728
2013/9/11,2000234396,1972964019,98944459,98709145,71068310,27640835,71674082,4887487,66786595,8915582,57871013,235314
2013/9/12,2023660860,2000234396,68573684,68334304,43875535,24458769,45147220,6134732,39012488,6425604,32586884,239380
2013/9/13,2034804131,2023660860,71655946,71385620,41601351,29784269,60512675,6513431,53999244,23753632,30245612,270326
2013/9/14,2029466914,2034804131,30975443,30726657,14850336,15876321,36312660,2449865,33862795,9025416,24837379,248786
2013/9/15,2041505882,2029466914,37059683,36813279,22142657,14670622,25020715,2993592,22027123,15270867,6756256,246404
2013/9/16,2157977503,2041505882,161656210,161382323,134330619,27051704,45184589,4585488,40599101,10354185,30244916,273887
2013/9/17,2175921520,2157977503,76204815,75960756,50504307,25456449,58260798,3075100,55185698,18859824,36325874,244059
2013/9/18,2171644907,2175921520,42926608,42645589,27232465,15413124,47203221,2788140,44415081,23818473,20596608,281019
2013/9/19,2185004443,2171644907,24778048,24509091,12890601,11618490,11418512,2197881,9220631,6772365,2448266,268957
2013/9/20,2198181951,2185004443,28365762,28094290,18054480,10039810,15188254,2462918,12725336,3457926,9267410,271472
2013/9/21,2203992112,2198181951,32406340,32133842,18601415,13532427,26596179,2655841,23940338,17880107,6060231,272498
2013/9/22,2223544226,2203992112,67514169,67243692,36029859,31213833,47962055,4795752,43166303,22340098,20826205,270477
2013/9/23,2219916507,2223544226,54658160,54396879,22328835,32068044,58285879,13664826,44621053,30024517,14596536,261281
2013/9/24,2237486574,2219916507,74250859,73973408,48700610,25272798,56680792,6876331,49804461,22552195,27252266,277451
2013/9/25,2209922580,2237486574,47274168,46973702,20104663,26869039,74838162,3878952,70959210,41253857,29705353,300466
2013/9/26,2230173744,2209922580,68718693,68406175,50986446,17419729,48467529,8338252,40129277,21599517,18529760,312518
2013/9/27,2244700262,2230173744,42166121,41868120,27267839,14600281,27639603,3797939,23841664,11564733,12276931,298001
2013/9/28,2226590340,2244700262,39995798,39706452,14563705,25142747,58105720,6761391,51344329,16876243,34468086,289346
2013/9/29,2220728986,2226590340,34433848,34151131,14055266,20095865,40295202,6378811,33916391,22588058,11328333,282717
2013/9/30,2218945683,2220728986,28398050,28118755,8182452,19936303,30181353,9842291,20339062,14254160,6084902,279295
2013/10/1,2225269915,2218945683,19137499,18857154,6502928,12354226,12813267,2004563,10808704,7433180,3375524,280345
2013/10/2,2229598749,2225269915,11562708,11272068,4072819,7199249,7233874,2386169,4847705,2880222,1967483,290640
2013/10/3,2233476680,2229598749,10101194,9809448,4241086,5568362,6223263,1502285,4720978,1589382,3131596,291746
2013/10/4,2229972019,2233476680,19907689,19615445,8598422,11017023,23412350,4280664,19131686,11492105,7639581,292244
2013/10/5,2242370252,2229972019,26364686,26074038,16185006,9889032,13966453,1514007,12452446,10249721,2202725,290648
2013/10/6,2267636377,2242370252,38730653,38442637,26616850,11825787,13464528,2931570,10532958,8922594,1610364,288016
2013/10/7,2281539710,2267636377,42797733,42511148,29976033,12535115,28894400,6620676,22273724,7474553,14799171,286585
2013/10/8,2313490526,2281539710,109806912,109484867,70814343,38670524,77856096,7122908,70733188,11651151,59082037,322045
2013/10/9,2351913449,2313490526,72422299,72136946,38830790,33306156,33999376,8883001,25116375,10678490,14437885,285353
2013/10/10,2371763531,2351913449,72094613,71796476,36544934,35251542,52244531,7061370,45183161,11880117,33303044,298137
2013/10/11,2426771815,2371763531,82674757,82372594,43296363,39076231,27666473,3564500,24101973,12783375,11318598,302163
2013/10/12,2477349968,2426771815,81901136,81593823,42609762,38984061,31322983,6943327,24379656,6524375,17855281,307313
2013/10/13,2516649474,2477349968,71149981,70845311,32822745,38022566,31850475,4273577,27576898,10611383,16965515,304670
2013/10/14,2606312149,2516649474,130315300,130020702,75489865,54530837,40652625,7783174,32869451,14896890,17972561,294598
2013/10/15,2656917255,2606312149,85704304,85388933,41656981,43731952,35099198,7010950,28088248,10639886,17448362,315371
2013/10/16,2706603364,2656917255,100948091,100610077,49684423,50925654,51261982,8108405,43153577,8534326,34619251,338014
2013/10/17,2770531817,2706603364,87203217,86867001,35808629,51058372,23274764,5594997,17679767,4512267,13167500,336216
2013/10/18,2852744912,2770531817,98151450,97805294,49716816,48088478,15938355,4197983,11740372,9265936,2474436,346156
2013/10/19,2879208658,2852744912,53148443,52794624,17807708,34986916,26684697,7939723,18744974,7947251,10797723,353819
2013/10/20,2876090997,2879208658,47766681,47414924,23808286,23606638,50884342,4669856,46214486,3590393,42624093,351757
2013/10/21,2936339884,2876090997,106030290,105669458,38771841,66897617,45781403,15776938,30004465,12306385,17698080,360832
2013/10/22,2985778843,2936339884,145611496,145262654,80208449,65054205,96172537,17065810,79106727,39792495,39314232,348842
2013/10/23,3018083493,2985778843,106093112,105727597,55822529,49905068,73788462,12090715,61697747,24671186,37026561,365515
2013/10/24,3029430402,3018083493,69530830,69158484,20287230,48871254,58183921,7363228,50820693,24085834,26734859,372346
2013/10/25,3047141053,3029430402,69936453,69558797,26323562,43235235,52225802,11129979,41095823,15388480,25707343,377656
2013/10/26,3053536348,3047141053,55752506,55373965,14759985,40613980,49357211,4620277,44736934,3869269,40867665,378541
2013/10/27,3075023321,3053536348,68007543,67634331,36450109,31184222,46520570,11575035,34945535,22721764,12223771,373212
2013/10/28,3149927232,3075023321,129993375,129632574,67259575,62372999,55089464,12996206,42093258,16468981,25624277,360801
2013/10/29,3208924908,3149927232,102050144,101671985,50888468,50783517,43052468,5155539,37896929,22855535,15041394,378159
2013/10/30,3254679467,3208924908,109663260,109262475,57375950,51886525,63908701,7047733,56860968,22494418,34366550,400785
2013/10/31,3289998335,3254679467,90926701,90518963,33377309,57141654,55607833,9967594,45640239,9460426,36179813,407738
2013/11/1,3373970161,3289998335,150904945,150490888,97662024,52828864,66933119,8910803,58022316,20798916,37223400,414057
2013/11/2,3409396955,3373970161,62132300,61714348,23865307,37849041,26705506,9215431,17490075,7143672,10346403,417952
2013/11/3,3447209071,3409396955,68707870,68291959,30519678,37772281,30895754,8410792,22484962,14516429,7968533,415911
2013/11/4,3616266423,3447209071,300027403,299614565,237955005,61659560,130970051,7225760,123744291,8145407,115598884,412838
2013/11/5,3714481373,3616266423,180904814,180478015,64596913,115881102,82689864,12228633,70461231,14710337,55750894,426799
2013/11/6,3764248463,3714481373,181474910,181014598,38422060,142592538,131707820,19226831,112480989,49152384,63328605,460312
2013/11/7,3848905475,3764248463,167963464,167495139,39534732,127960407,83306452,13495904,69810548,18133158,51677390,468325
2013/11/8,3987798639,3848905475,231749471,231270156,124106307,107163849,92856307,10129799,82726508,13757231,68969277,479315
2013/11/9,4068379896,3987798639,126467028,125980699,36733104,89247595,45885771,10908069,34977702,7874091,27103611,486329
2013/11/10,4147899723,4068379896,164813471,164328004,48481839,115846165,85293644,21808380,63485264,25181514,38303750,485467
2013/11/11,4068761211,4147899723,147986439,147425452,69094170,78331282,227124951,180655486,46469465,7155297,39314168,560987
2013/11/12,4085967334,4068761211,148469647,147913613,75656414,72257199,131263524,12308127,118955397,13535932,105419465,556034
2013/11/13,4181400870,4085967334,174554976,174000238,104660075,69340163,79121440,14898738,64222702,36973694,27249008,554738
2013/11/14,4296842778,4181400870,167996058,167462695,85700589,81762106,52554150,8088009,44466141,22737277,21728864,533363
2013/11/15,4362903228,4296842778,124270704,123661256,44129861,79531395,58210254,9874031,48336223,13669346,34666877,609448
2013/11/16,4451992661,4362903228,118085705,117530834,62614420,54916414,28996272,7299663,21696609,15626737,6069872,554871
2013/11/17,4521421128,4451992661,111786622,111233475,45938489,65294986,42358155,10008509,32349646,17699482,14650164,553147
2013/11/18,4580270823,4521421128,195766477,195210552,94427782,100782770,136916782,14312742,122604040,41227427,81376613,555925
2013/11/19,4641328007,4580270823,131365419,130801756,47990602,82811154,70308235,14639949,55668286,15545895,40122391,563663
2013/11/20,4720539791,4641328007,166163002,165560984,56087750,109473234,86951218,13264281,73686937,22879788,50807149,602018
2013/11/21,4866972767,4720539791,221166938,220554500,118123549,102430951,74733962,8839246,65894716,16100622,49794094,612438
2013/11/22,4912783533,4866972767,128528687,127901717,42947137,84954580,82717921,20387183,62330738,24678325,37652413,626970
2013/11/23,4953010420,4912783533,89109018,88464354,28994052,59470302,48882131,6482889,42399242,11475436,30923806,644664
2013/11/24,4969849464,4953010420,102394991,101754797,57943382,43811415,85555947,7319621,78236326,9204891,69031435,640194
2013/11/25,5046879939,4969849464,147143602,146505434,74040394,72465040,70113127,23796084,46317043,9657210,36659833,638168
2013/11/26,5239114658,5046879939,258037702,257385328,167619964,89765364,65802983,16533187,49269796,10910790,38359006,652374
2013/11/27,5287759288,5239114658,134774128,134089685,57779508,76310177,86129498,13441519,72687979,8395361,64292618,684443
2013/11/28,5366066122,5287759288,139760425,139046863,58319586,80727277,61453591,12326030,49127561,20095247,29032314,713562
2013/11/29,5364620300,5366066122,122536344,121810671,43456530,78354141,123982166,12980677,111001489,15313495,95687994,725673
2013/11/30,5361825481,5364620300,116865492,116137403,58697397,57440006,119660311,10367540,109292771,21919187,87373584,728089
2013/12/1,5405083240,5361825481,137889992,137174775,59786618,77388157,94632233,20461768,74170465,15707290,58463175,715217
2013/12/2,5621931412,5405083240,345313258,344606438,181458812,163147626,128465086,31233938,97231148,47382011,49849137,706820
2013/12/3,5788936223,5621931412,268666856,267952466,96712045,171240421,101662045,25720023,75942022,22917759,53024263,714390
2013/12/4,5938411266,5788936223,219456372,218681591,102384322,116297269,69981329,15845867,54135462,7852080,46283382,774781
2013/12/5,6010979734,5938411266,190825287,190022709,69146648,120876061,118256819,13825962,104430857,39525525,64905332,802578
2013/12/6,6080551322,6010979734,152197159,151391317,55634193,95757124,82625571,10624967,72000604,27086231,44914373,805842
2013/12/7,6147517880,6080551322,138882605,138063886,70946815,67117071,71916047,14079254,57836793,7621422,50215371,818719
2013/12/8,6196090491,6147517880,124886903,124072382,39666888,84405494,76314292,19207555,57106737,7934169,49172568,814521
2013/12/9,6237388004,6196090491,174652812,173818023,58079956,115738067,133355299,20902701,112452598,12725637,99726961,834789
2013/12/10,6269712275,6237388004,179471612,178632183,64157045,114475138,147147341,15768961,131378380,27083516,104294864,839429
2013/12/11,6399314660,6269712275,239916977,239051211,138677071,100374140,110314592,16209163,94105429,32858604,61246825,865766
2013/12/12,6447584392,6399314660,140360007,139456440,37802740,101653700,92090275,44454483,47635792,11324110,36311682,903567
2013/12/13,6521478868,6447584392,164672690,163756758,51626995,112129763,90778214,31197293,59580921,23943149,35637772,915932
2013/12/14,6598289813,6521478868,129045596,128124144,60894040,67230104,52234651,15765191,36469460,13547421,22922039,921452
2013/12/15,6749415054,6598289813,205882387,204965245,126617857,78347388,54757146,18057269,36699877,8502234,28197643,917142
2013/12/16,6789747659,6749415054,196489931,195558740,76785117,118773623,156157326,32671212,123486114,31097965,92388149,931191
2013/12/17,6867190613,6789747659,193980797,193053100,62804752,130248348,116537843,12025370,104512473,14476061,90036412,927697
2013/12/18,6845185545,6867190613,180215804,179244717,44534059,134710658,202220872,10725473,191495399,50257836,141237563,971087
2013/12/19,6914793558,6845185545,233631357,232618878,97470048,135148830,164023344,15536057,148487287,21715384,126771903,1012479
2013/12/20,6894981995,6914793558,133867400,132849845,39915508,92934337,153678963,19964515,133714448,33286473,100427975,1017555
2013/12/21,6923831180,6894981995,112000779,110979622,43066009,67913613,83151594,10610110,72541484,22399613,50141871,1021157
2013/12/22,6994376148,6923831180,154543217,153531785,70446218,83085567,83998249,20715917,63282332,16987033,46295299,1011432
2013/12/23,7054645270,6994376148,198747367,197669761,70138872,127530889,138478245,24846016,113632229,40662170,72970059,1077606
2013/12/24,7241443693,7054645270,305406334,304333324,189794936,114538388,118607911,21559120,97048791,25956197,71092594,1073010
2013/12/25,7448764361,7241443693,380076148,378896458,207488097,171408361,172755480,27956029,144799451,25199652,119599799,1179690
2013/12/26,7427199206,7448764361,220287409,219035100,86180958,132854142,241852564,21372055,220480509,21879648,198600861,1252309
2013/12/27,7474795625,7427199206,211118967,209818922,71581657,138237265,163522548,22373377,141149171,16737992,124411179,1300045
2013/12/28,7606220411,7474795625,192808006,191506544,82079222,109427322,61383220,18517636,42865584,10339282,32526302,1301462
2013/12/29,7712563769,7606220411,161473347,160179393,80308840,79870553,55129989,15925186,39204803,5655465,33549338,1293954
2013/12/30,7819095923,7712563769,286358778,285062954,121679259,163383695,179826624,20652334,159174290,40393506,118780784,1295824
2013/12/31,7950715327,7819095923,265851934,264556746,115229028,149327718,134232530,23640780,110591750,19505479,91086271,1295188
2014/1/1,8204274137,7950715327,330926565,329555717,93419831,236135886,77367755,21750788,55616967,15782631,39834336,1370848
2014/1/2,8449075426,8204274137,434956739,433531489,145093807,288437682,190155450,22941048,167214402,26734732,140479670,1425250
2014/1/3,8663435976,8449075426,342074805,340640596,143850914,196789682,127714255,23841309,103872946,27165547,76707399,1434209
2014/1/4,8749652812,8663435976,186085910,184607251,49062116,135545135,99869074,21965772,77903302,10496655,67406647,1478659
2014/1/5,8798901523,8749652812,206030707,204559800,61986069,142573731,156781996,20843557,135938439,37596243,98342196,1470907
2014/1/6,9050477936,8798901523,442494042,441042872,198531158,242511714,190917629,25009899,165907730,35042141,130865589,1451170
2014/1/7,9502231639,9050477936,589726496,588222460,231240835,356981625,137972793,27531206,110441587,23886191,86555396,1504036
2014/1/8,9552376725,9502231639,264025160,262398195,73458333,188939862,213880074,24398384,189481690,22175353,167306337,1626965
2014/1/9,9692683975,9552376725,280698487,279057823,115504758,163553065,140391237,25855665,114535572,27071650,87463922,1640664
2014/1/10,9813222458,9692683975,237797636,236112121,81263442,154848679,117259153,26458750,90800403,26710276,64090127,1685515
2014/1/11,9985095714,9813222458,243403438,241731696,147087308,94644388,71530182,30620108,40910074,14724475,26185599,1671742
2014/1/12,10071845246,9985095714,228255344,226592609,70170242,156422367,141505812,24005816,117499996,26923654,90576342,1662735
2014/1/13,10340128524,10071845246,447207050,445546064,140961565,304584499,178923772,21903534,157020238,31182941,125837297,1660986
2014/1/14,10537257263,10340128524,356907128,355227951,136709487,218518464,159778389,29631300,130147089,26903661,103243428,1679177
2014/1/15,10751047734,10537257263,391408718,389643679,64750474,324893205,177618247,38808458,138809789,28292066,110517723,1765039
2014/1/16,10972827391,10751047734,374947083,373159557,106140501,267019056,153167426,23865821,129301605,26988051,102313554,1787526
2014/1/17,11190869034,10972827391,345426853,343608394,88624595,254983799,127385210,21879996,105505214,18305723,87199491,1818459
2014/1/18,11281199880,11190869034,233200688,231380252,89497089,141883163,142869842,36540346,106329496,31449193,74880303,1820436
2014/1/19,11348652551,11281199880,185082022,183275869,45738067,137537802,117629351,29952235,87677116,21831199,65845917,1806153
2014/1/20,11241417494,11348652551,335761027,333912224,66330226,267581998,442996084,45103607,397892477,36654039,361238438,1848803
2014/1/21,11351446969,11241417494,412854611,411045427,105334037,305711390,302825136,48810525,254014611,34959044,219055567,1809184
2014/1/22,11557321387,11351446969,498730606,496881726,116679482,380202244,292856188,35396154,257460034,50621581,206838453,1848880
2014/1/23,11829747156,11557321387,481450097,479509602,102994484,376515118,209024328,37120406,171903922,30727063,141176859,1940495
2014/1/24,12098022049,11829747156,614103894,612133670,144614549,467519121,345829001,37926576,307902425,29754999,278147426,1970224
2014/1/25,12353351816,12098022049,440854623,438919123,125183326,313735797,185524856,44376079,141148777,33390830,107757947,1935500
2014/1/26,12550001817,12353351816,528402520,526466645,101475502,424991143,331752519,19451300,312301219,39439760,272861459,1935875
2014/1/27,12926555440,12550001817,657199484,655298101,196149985,459148116,280645861,36768288,243877573,58856167,185021406,1901383
2014/1/28,13521645866,12926555440,843424742,841426055,202335691,639090364,248334316,32950093,215384223,47826061,167558162,1998687
2014/1/29,14258960858,13521645866,952479658,950357375,102260088,848097287,215164666,48600473,166564193,38228588,128335605,2122283
2014/1/30,14381588964,14258960858,227916211,225754304,44901628,180852676,105288105,18939954,86348151,13588206,72759945,2161907
2014/1/31,14420780750,14381588964,87324175,85045931,20914075,64131856,48132389,10305654,37826735,7796701,30030034,2278244
2014/2/1,14423540862,14420780750,64287172,61983151,14043513,47939638,61527060,11374370,50152690,18881191,31271499,2304021
2014/2/2,14457057903,14423540862,57912761,55617117,20359506,35257611,24395720,11592943,12802777,2770284,10032493,2295644
2014/2/3,14495278557,14457057903,84329848,82037541,22041714,59995827,46109194,20070740,26038454,4221624,21816830,2292307
2014/2/4,14534004870,14495278557,83653646,81355092,14062302,67292790,44927333,14428523,30498810,9930337,20568473,2298554
2014/2/5,14647641156,14534004870,209043990,206723577,21148444,185575133,95407704,34014315,61393389,14581824,46811565,2320413
2014/2/6,14763866096,14647641156,227860276,225540877,30213062,195327815,111635336,37275155,74360181,27131322,47228859,2319399
2014/2/7,15069202104,14763866096,578818221,576343567,133973411,442370156,273482213,28411171,245071042,43274926,201796116,2474654
2014/2/8,15244025335,15069202104,358255468,355819907,40691777,315128130,183432237,29127148,154305089,17759331,136545758,2435561
2014/2/9,15322982520,15244025335,341911234,339490129,51108036,288382093,262954049,28979242,233974807,22488350,211486457,2421105
2014/2/10,15538694249,15322982520,647465140,645043184,125447760,519595424,431753411,52832088,378921323,31775846,347145477,2421956
2014/2/11,16114439292,15538694249,818803205,816390370,245808059,570582311,243058162,39473499,203584663,30415422,173169241,2412835
2014/2/12,16522863143,16114439292,763009770,760453811,182145168,578308643,354585919,49996692,304589227,48908222,255681005,2555959
2014/2/13,16786803951,16522863143,626698794,624058677,111451545,512607132,362757986,49969512,312788474,33636126,279152348,2640117
2014/2/14,17014252486,16786803951,490710434,488021625,133959311,354062314,263261899,114214873,149047026,47348366,101698660,2688809
2014/2/15,17148181972,17014252486,255393179,252650784,50504975,202145809,121463693,23332090,98131603,26924012,71207591,2742395
2014/2/16,17296449376,17148181972,331324628,328597307,61936172,266661135,183057224,27525012,155532212,34056657,121475555,2727321
2014/2/17,17596758169,17296449376,706118060,703414276,101445973,601968303,405809267,25038922,380770345,67346083,313424262,2703784
2014/2/18,17919195990,17596758169,593563145,590856887,81848295,509008592,271125324,41210804,229914520,48672510,181242010,2706258
2014/2/19,18003573505,17919195990,408367966,405532115,45373979,360158136,323990451,27154783,296835668,37714675,259120993,2835851
2014/2/20,18251643286,18003573505,478925191,476045215,102087332,373957883,230855410,42179906,188675504,35175830,153499674,2879976
2014/2/21,18426710525,18251643286,353981687,351086615,52081757,299004858,178914448,35272987,143641461,38164915,105476546,2895072
2014/2/22,18573998113,18426710525,282022706,279083130,97883214,181199916,134735118,37388618,97346500,13927043,83419457,2939576
2014/2/23,18715837772,18573998113,337053711,334129711,70825865,263303846,195214052,27025520,168188532,22090461,146098071,2924000
2014/2/24,18898684661,18715837772,656317045,653397733,203203164,450194569,473470156,38373586,435096570,38390594,396705976,2919312
2014/2/25,19163035198,18898684661,563505889,560651569,134346664,426304905,299155352,50699394,248455958,43867571,204588387,2854320
2014/2/26,19559016661,19163035198,680801145,677828663,202317738,475510925,284819682,53686988,231132694,44707073,186425621,2972482
2014/2/27,19739139913,19559016661,672909288,669926875,141301002,528625873,492786036,61051395,431734641,33471939,398262702,2982413
2014/2/28,19845831463,19739139913,428721754,425722217,86054744,339667473,322030204,48124571,273905633,40145953,233759680,2999537
2014/3/1,19997418032,19845831463,362865580,359812461,103652657,256159804,211279011,39537010,171742001,46757660,124984341,3053119
2014/3/2,20027420845,19997418032,276202230,273172567,90720059,182452508,246199417,46033199,200166218,38505331,161660887,3029663
2014/3/3,20019709347,20027420845,505305862,502322723,139970256,362352467,513017360,45213317,467804043,65897484,401906559,2983139
2014/3/4,20293292709,20019709347,524146340,521192622,206653555,314539067,250562978,44291502,206271476,42801499,163469977,2953718
2014/3/5,20538515447,20293292709,454295491,451245946,91287267,359958679,209072753,48032386,161040367,44777164,116263203,3049545
2014/3/6,20857153333,20538515447,561787770,558722119,240492858,318229261,243149884,30563498,212586386,34572653,178013733,3065651
2014/3/7,20946205892,20857153333,380139779,377058943,95021643,282037300,291087220,42629946,248457274,37427390,211029884,3080836
2014/3/8,21049156859,20946205892,243274169,240156774,54611908,185544866,140323202,43290047,97033155,21505157,75527998,3117395
2014/3/9,21087596875,21049156859,244752519,241650547,68363391,173287156,206312503,31892792,174419711,26451130,147968581,3101972
2014/3/10,21276894327,21087596875,497338076,494278563,146463415,347815148,308040624,53902450,254138174,66525423,187612751,3059513
2014/3/11,21211355257,21276894327,430500816,427448087,194534475,232913612,496039886,47244953,448794933,27674624,421120309,3052729
2014/3/12,21171871886,21211355257,377007897,373891397,132571107,241320290,416491268,34788679,381702589,65733259,315969330,3116500
2014/3/13,21201185254,21171871886,346286910,343188988,102654466,240534522,316973542,47886605,269086937,55076814,214010123,3097922
2014/3/14,21205507113,21201185254,315897431,312802600,77247724,235554876,311575572,44371878,267203694,33333597,233870097,3094831
2014/3/15,21250115067,21205507113,287407002,284310353,62427388,221882965,242799048,34294409,208504639,17959278,190545361,3096649
2014/3/16,21128917911,21250115067,269387391,266319616,71014819,195304797,390584547,19600978,370983569,25259589,345723980,3067775
2014/3/17,21027301401,21128917911,339008082,336026313,70763233,265263080,440624592,50250618,390373974,54475186,335898788,2981769
2014/3/18,21052539792,21027301401,435479117,432490715,149391004,283099711,410240726,54642238,355598488,31133912,324464576,2988402
2014/3/19,20982254939,21052539792,359014064,355963833,76164526,279799307,429298917,30164627,399134290,51068160,348066130,3050231
2014/3/20,21011190054,20982254939,365011495,361964978,159168755,202796223,336076380,36054285,300022095,26850670,273171425,3046517
2014/3/21,21033886586,21011190054,282351818,279298412,81707625,197590787,259655286,39994785,219660501,49883826,169776675,3053406
2014/3/22,21087547309,21033886586,191700135,188663159,104204913,84458246,138039412,33200246,104839166,21342777,83496389,3036976
2014/3/23,21068560367,21087547309,167456369,164431433,61783931,102647502,186443311,30812667,155630644,23200850,132429794,3024936
2014/3/24,20943915442,21068560367,313180334,310195156,121357732,188837424,437825259,38247589,399577670,35544574,364033096,2985178
2014/3/25,20945549933,20943915442,314345006,311396094,94883459,216512635,312710515,47181167,265529348,43213212,222316136,2948912
2014/3/26,20768231244,20945549933,272935544,269973892,118271061,151702831,450254233,38674025,411580208,51808075,359772133,2961652
2014/3/27,20675390684,20768231244,266231082,263304080,106411792,156892288,359071642,36993856,322077786,33134383,288943403,2927002
2014/3/28,20495913093,20675390684,225966355,223056705,69697401,153359304,405443946,37979942,367464004,35799401,331664603,2909650
2014/3/29,20501158022,20495913093,160250985,157359026,54547795,102811231,155006056,31519710,123486346,32626204,90860142,2891959
2014/3/30,20441977145,20501158022,205533934,202657833,64340475,138317358,264714811,34723348,229991463,45887646,184103817,2876101
2014/3/31,20417009416,20441977145,398884905,396026448,154073551,241952897,423852634,48345100,375507534,56545010,318962524,2858457
2014/4/1,20592900643,20417009416,453320585,450478122,146539591,303938531,277429358,49540539,227888819,37116613,190772206,2842463
2014/4/2,20675635695,20592900643,355347118,352449616,141024158,211425458,272612066,51040952,221571114,28301147,193269967,2897502
2014/4/3,20772907358,20675635695,363877120,360958034,165866758,195091276,266605457,45762040,220843417,46915541,173927876,2919086
2014/4/4,20824610615,20772907358,251895894,248968008,62838487,186129521,200192637,37871189,162321448,35154471,127166977,2927886
2014/4/5,20863747475,20824610615,202336542,199391149,68763348,130627801,163199682,43889726,119309956,23061774,96248182,2945393
2014/4/6,20853648046,20863747475,129477254,126550557,36688261,89862296,139576683,29557907,110018776,41472248,68546528,2926697
2014/4/7,20873617708,20853648046,196936223,194021386,64582752,129438634,176966561,40119763,136846798,35095605,101751193,2914837
2014/4/8,20978372726,20873617708,354770149,351854096,104834487,247019609,250015131,44570398,205444733,31814997,173629736,2916053
2014/4/9,21072390013,20978372726,383347565,380410136,150308931,230101205,289330278,50308002,239022276,37522743,201499533,2937429
2014/4/10,21172042609,21072390013,386567460,383627601,164835943,218791658,286914864,53154622,233760242,44846276,188913966,2939859
2014/4/11,21132795057,21172042609,237829882,234895147,71143892,163751255,277077434,84205696,192871738,31674982,161196756,2934735
2014/4/12,21187141790,21132795057,177642053,174695525,63462337,111233188,123295320,39287860,84007460,23075537,60931923,2946528
2014/4/13,21216380053,21187141790,208172985,205239452,95888440,109351012,178934722,50587988,128346734,16961535,111385199,2933533
2014/4/14,21110246338,21216380053,309853269,306943182,110231602,196711580,415986984,40950669,375036315,48560908,326475407,2910087
2014/4/15,21253634493,21110246338,428681231,425805725,166536898,259268827,285293076,35499014,249794062,25902576,223891486,2875506
2014/4/16,21385567691,21253634493,387847838,384939019,153844890,231094129,255914640,43923418,211991222,34265047,177726175,2908819
2014/4/17,21476018746,21385567691,355792647,352880124,159555287,193324837,265341592,38627405,226714187,43037306,183676881,2912523
2014/4/18,21489366220,21476018746,239300383,236377510,73108437,163269073,225952909,32020413,193932496,42736396,151196100,2922873
2014/4/19,21611720646,21489366220,268729366,265789873,146828058,118961815,146374940,33261685,113113255,27904791,85208464,2939493
2014/4/20,21641922394,21611720646,191259529,188336377,71649902,116686475,161057781,35438855,125618926,40827019,84791907,2923152
2014/4/21,21647421805,21641922394,301134667,298219498,109912061,188307437,295635256,65340198,230295058,40422597,189872461,2915169
2014/4/22,21663860421,21647421805,285248757,282350142,94938709,187411433,268810141,46610311,222199830,46793868,175405962,2898615
2014/4/23,21699066792,21663860421,313677307,310757394,101574511,209182883,278470936,47960929,230510007,59708761,170801246,2919913
2014/4/24,21792888929,21699066792,318358891,315468612,141918866,173549746,224536754,43022139,181514615,33308384,148206231,2890279
2014/4/25,21786052069,21792888929,220927432,218042417,83493221,134549196,227764292,41053152,186711140,30947018,155764122,2885015
2014/4/26,21779554522,21786052069,151625415,148727987,56777731,91950256,158122962,34986838,123136124,19403230,103732894,2897428
2014/4/27,21734477096,21779554522,146837951,143955720,61671443,82284277,191915377,28315151,163600226,56209644,107390582,2882231
2014/4/28,21731689633,21734477096,324937272,322059893,125000679,197059214,327724735,53228205,274496530,58440825,216055705,2877379
2014/4/29,21754718388,21731689633,330607104,327753580,127521090,200232490,307578349,48275458,259302891,68367067,190935824,2853524
2014/4/30,21732973743,21754718388,260091330,257193410,79931074,177262336,281835975,61314568,220521407,48418212,172103195,2897920
2014/5/1,21782656094,21732973743,193045106,190175350,58404844,131770506,143362755,46481549,96881206,18924739,77956467,2869756
2014/5/2,21786770288,21782656094,125336258,122453074,33113882,89339192,121222064,24171256,97050808,24940239,72110569,2883184
2014/5/3,21772296733,21786770288,185094488,182203439,54073496,128129943,199568043,41506485,158061558,44076367,113985191,2891049
2014/5/4,21662162261,21772296733,303087562,300180905,88981143,211199762,413222034,65972622,347249412,53215849,294033563,2906657
2014/5/5,21723755629,21662162261,370924149,368099706,102948704,265151002,309330781,66043856,243286925,50320676,192966249,2824443
2014/5/6,21700649661,21723755629,318002728,315096777,81567892,233528885,341108696,61126871,279981825,43725251,236256574,2905951
2014/5/7,21878604180,21700649661,417327518,414463880,164553784,249910096,239372999,40650214,198722785,50672610,148050175,2863638
2014/5/8,21998255437,21878604180,392838756,390000657,156177372,233823285,273187499,47941936,225245563,31709467,193536096,2838099
2014/5/9,22031990475,21998255437,281479009,278616335,127662531,150953804,247743971,48319772,199424199,25566249,173857950,2862674
2014/5/10,22171982318,22031990475,287240171,284388148,79585779,204802369,147248328,38040745,109207583,28255521,80952062,2852023
2014/5/11,22201460800,22171982318,182424063,179585742,55148430,124437312,152945581,38400973,114544608,22454098,92090510,2838321
2014/5/12,22232616489,22201460800,325108597,322293245,95909491,226383754,293952908,48093256,245859652,34572657,211286995,2815352
2014/5/13,22249939607,22232616489,275241493,272439137,91142159,181296978,257918375,61456142,196462233,20219614,176242619,2802356
2014/5/14,22239188687,22249939607,305474522,302621995,100837254,201784741,316225442,45318037,270907405,25171614,245735791,2852527
2014/5/15,22314248133,22239188687,313367089,310522196,93964517,216557679,238307643,37879297,200428346,39601697,160826649,2844893
2014/5/16,22264120640,22314248133,231967423,229109632,72479256,156630376,282094916,37551420,244543496,40061114,204482382,2857791
2014/5/17,22289250136,22264120640,170983868,168161205,50405690,117755515,145854372,32944450,112909922,36624963,76284959,2822663
2014/5/18,22300229759,22289250136,164419642,161609998,51132867,110477131,153440019,40062277,113377742,26863477,86514265,2809644
2014/5/19,22265516283,22300229759,259077930,256179008,71313677,184865331,293791406,51391608,242399798,60660169,181739629,2898922
2014/5/20,22459430866,22265516283,453955303,451059660,243711613,207348047,260040720,47536760,212503960,22815508,189688452,2895643
2014/5/21,22507006862,22459430866,297799722,294888620,130386891,164501729,250223726,45455883,204767843,29873517,174894326,2911102
2014/5/22,22600534926,22507006862,344636549,341774952,167436704,174338248,251108485,45562332,205546153,29111692,176434461,2861597
2014/5/23,22621080334,22600534926,249546195,246693653,114513174,132180479,229000787,60184458,168816329,29314656,139501673,2852542
2014/5/24,22626743720,22621080334,160073254,157281426,57666965,99614461,154409868,30780112,123629756,24105065,99524691,2791828
2014/5/25,22562682488,22626743720,166943526,164165899,67087564,97078335,231004758,45685873,185318885,32503867,152815018,2777627
2014/5/26,22632865784,22562682488,344890868,342134083,145189089,196944994,274707572,54429404,220278168,32625021,187653147,2756785
2014/5/27,22609949494,22632865784,299049555,296280007,95780761,200499246,321965845,54053714,267912131,39321226,228590905,2769548
2014/5/28,22470192623,22609949494,276134813,273325022,78926517,194398505,415891684,74293409,341598275,45105847,296492428,2809791
2014/5/29,22476914686,22470192623,320549863,317800649,135204257,182596392,313827800,54803737,259024063,44776734,214247329,2749214
2014/5/30,22390660208,22476914686,226547701,223709770,95966704,127743066,312802179,52407524,260394655,39094557,221300098,2837931
2014/5/31,22394621814,22390660208,146823669,144080973,52834335,91246638,142862063,23557943,119304120,41776332,77527788,2742696
2014/6/1,22428282336,22394621814,183489775,180762669,55046557,125716112,149829253,33825537,116003716,32936169,83067547,2727106
2014/6/2,22416092232,22428282336,158219402,155516287,48900709,106615578,170409506,38668393,131741113,42274603,89466510,2703115
2014/6/3,22301357112,22416092232,270887462,268143582,83629149,184514433,385622582,55464815,330157767,42540883,287616884,2743880
2014/6/4,22271839018,22301357112,274460744,271682147,71225908,200456239,303978838,54260600,249718238,28188601,221529637,2778597
2014/6/5,22296236140,22271839018,380042567,377223821,128566594,248657227,355645445,89226348,266419097,62031088,204388009,2818746
2014/6/6,22322787973,22296236140,301413900,298679366,111954129,186725237,274862067,55681761,219180306,55267471,163912835,2734534
2014/6/7,22364386391,22322787973,187801995,185054361,70098919,114955442,146203577,38318930,107884647,37280499,70604148,2747634
2014/6/8,22497032328,22364386391,302171269,299436270,185513854,113922416,169525332,36440988,133084344,36849979,96234365,2734999
2014/6/9,22575626550,22497032328,366114374,363337491,145389158,217948333,287520152,52422163,235097989,36264508,198833481,2776883
2014/6/10,22631468122,22575626550,354031597,351275811,104890851,246384960,298190025,68280581,229909444,43253854,186655590,2755786
2014/6/11,22713002035,22631468122,327661453,324824312,114930250,209894062,246127540,80918118,165209422,22604403,142605019,2837141
2014/6/12,22808899335,22713002035,332365185,329539251,112210380,217328871,236467885,75247726,161220159,44402104,116818055,2825934
2014/6/13,22639024065,22808899335,216923770,214045806,51040378,163005428,386799040,56967852,329831188,44823413,285007775,2877964
2014/6/14,22590682404,22639024065,181574530,178733395,59184032,119549363,229916191,29831979,200084212,36576832,163507380,2841135
2014/6/15,22640138774,22590682404,166080126,163263976,41933752,121330224,116623756,30194033,86429723,25396456,61033267,2816150
2014/6/16,22535097769,22640138774,387308484,384522342,120664648,263857694,492349489,58644674,433704815,28981923,404722892,2786142
2014/6/17,22302888239,22535097769,270350693,267626738,87121582,180505156,502560223,46759557,455800666,37324504,418476162,2723955
2014/6/18,22216230718,22302888239,335262709,332565225,131652090,200913135,421920230,43682078,378238152,57752818,320485334,2697484
2014/6/19,22269883545,22216230718,338609087,335998519,177935245,158063274,284956260,45420417,239535843,47067117,192468726,2610568
2014/6/20,22234883010,22269883545,251582530,248879061,71879168,176999893,286583065,44882716,241700349,35442161,206258188,2703469
2014/6/21,22181878421,22234883010,177999186,175409451,55976436,119433015,231003775,54561773,176442002,24826865,151615137,2589735
2014/6/22,21967773588,22181878421,147180819,144611888,41425751,103186137,361285652,49236322,312049330,31032946,281016384,2568931
2014/6/23,21826221634,21967773588,232227670,229685312,80147560,149537752,373779624,47744484,326035140,31937942,294097198,2542358
2014/6/24,21643200891,21826221634,245450766,242915326,78189756,164725570,428471509,80582484,347889025,41106958,306782067,2535440
2014/6/25,21360568161,21643200891,264663201,262227341,79464890,182762451,547295931,79096124,468199807,60137721,408062086,2435860
2014/6/26,21239454091,21360568161,297628039,295269783,93994567,201275216,418742109,66292846,352449263,41056937,311392326,2358256
2014/6/27,21104292442,21239454091,264282703,261895380,122909502,138985878,399444352,44685853,354758499,49196393,305562106,2387323
2014/6/28,20974718367,21104292442,153826161,151482880,56997812,94485068,283400236,59857221,223543015,27109313,196433702,2343281
2014/6/29,20872349108,20974718367,158801540,156485272,41574314,114910958,261170799,48105024,213065775,28779118,184286657,2316268
2014/6/30,20749855426,20872349108,334054112,331761678,76383658,255378020,456547794,71593561,384954233,71086987,313867246,2292434
2014/7/1,20760119638,20749855426,384428753,382080337,84648368,297431969,374164541,76352332,297812209,57115920,240696289,2348416
2014/7/2,20815724506,20760119638,384555819,382237475,124686586,257550889,328950951,54590504,274360447,56038073,218322374,2318344
2014/7/3,20824609369,20815724506,297894643,295575412,117330905,178244507,289009780,72000589,217009191,34501699,182507492,2319231
2014/7/4,20771764657,20824609369,211649838,209348291,47444497,161903794,264494550,58159245,206335305,40925658,165409647,2301547
2014/7/5,20668613315,20771764657,169383796,167078182,63429360,103648822,272535138,46886012,225649126,43470834,182178292,2305614
2014/7/6,20672651582,20668613315,199569025,197287738,58678071,138609667,195530758,42738122,152792636,28637443,124155193,2281287
2014/7/7,20627221860,20672651582,272182847,269914951,66462026,203452925,317612569,63467426,254145143,59847001,194298142,2267896
2014/7/8,20511008900,20627221860,224240103,221992553,61280454,160712099,340453063,57017247,283435816,62162605,221273211,2247550
2014/7/9,20519371574,20511008900,278005555,275740766,100407528,175333238,269642881,44472135,225170746,49920081,175250665,2264789
2014/7/10,20476458255,20519371574,283095921,280808940,76920429,203888511,326009240,71503879,254505361,49578125,204927236,2286981
2014/7/11,20445078528,20476458255,208671021,206409952,49110187,157299765,240050748,37145193,202905555,50829376,152076179,2261069
2014/7/12,20473641383,20445078528,177644343,175393033,75425505,99967528,149081488,40240325,108841163,27984837,80856326,2251310
2014/7/13,20453941278,20473641383,179759885,177520917,66176740,111344177,199459990,37261668,162198322,30133300,132065022,2238968
2014/7/14,20423985523,20453941278,254797524,252543988,88262667,164281321,284753279,52533556,232219723,23824522,208395201,2253536
2014/7/15,20497073353,20423985523,334810012,332554408,116023440,216530968,261722182,59644641,202077541,27658319,174419222,2255604
2014/7/16,20657187545,20497073353,394890140,392596651,170324655,222271996,234775948,59605459,175170489,31190665,143979824,2293489
2014/7/17,20611919440,20657187545,253011280,250755039,73862280,176892759,298279385,104717040,193562345,32255120,161307225,2256241
2014/7/18,20612207748,20611919440,208959595,206677714,62723841,143953873,208671287,60675775,147995512,20805733,127189779,2281881
2014/7/19,20667061488,20612207748,210318023,208048192,108711944,99336248,155464283,31681543,123782740,15507755,108274985,2269831
2014/7/20,20669047956,20667061488,176449304,174193562,58331429,115862133,174462836,38768091,135694745,29227103,106467642,2255742
2014/7/21,20612945071,20669047956,378088594,375786236,188430013,187356223,434191479,54882116,379309363,39353239,339956124,2302358
2014/7/22,20486985781,20612945071,243084133,240854173,90700778,150153395,369043423,98632913,270410510,31942129,238468381,2229960
2014/7/23,20444094598,20486985781,265461894,263182434,114917590,148264844,308353077,56660566,251692511,45278350,206414161,2279460
2014/7/24,20373516647,20444094598,277044480,274781793,106071922,168709871,347622431,70641581,276980850,42338290,234642560,2262687
2014/7/25,20292282944,20373516647,181641088,179379699,63336575,116043124,262874791,70693254,192181537,35509270,156672267,2261389
2014/7/26,20137897656,20292282944,128268053,126012255,54186270,71825985,282653341,51725809,230927532,29639068,201288464,2255798
2014/7/27,20122693255,20137897656,151406251,149177264,80780644,68396620,166610652,50588888,116021764,35246941,80774823,2228987
2014/7/28,20148469102,20122693255,371762756,369535407,214062345,155473062,345986909,51656382,294330527,30372288,263958239,2227349
2014/7/29,20073082045,20148469102,228093046,225904582,85325202,140579380,303480103,41066657,262413446,23956498,238456948,2188464
2014/7/30,20032881601,20073082045,209917272,207702516,64808558,142893958,250117716,53868111,196249605,25897612,170351993,2214756
2014/7/31,19947416138,20032881601,191728916,189518581,56346135,133172446,277194379,53122061,224072318,33843617,190228701,2210335
2014/8/1,20069760015,19947416138,374884735,372678958,135715324,236963634,252540858,84227601,168313257,31013339,137299918,2205777
2014/8/2,20086601920,20069760015,189092130,186889349,78478704,108410645,172250225,41930977,130319248,34359098,95960150,2202781
2014/8/3,20133302100,20086601920,173825397,171634865,62120575,109514290,127125217,40828571,86296646,23794226,62502420,2190532
2014/8/4,20141035460,20133302100,330640884,328404472,120904646,207499826,322907524,78477516,244430008,43969481,200460527,2236412
2014/8/5,20314109791,20141035460,394780870,392589715,164705556,227884159,221706539,74040082,147666457,35974791,111691666,2191155
2014/8/6,20320584213,20314109791,288821016,286598298,127641624,158956674,282346594,56127546,226219048,26815416,199403632,2222718
2014/8/7,20314571173,20320584213,247646474,245405658,61837508,183568150,253659514,60050774,193608740,41675089,151933651,2240816
2014/8/8,20236826133,20314571173,233903717,231616935,54035416,177581519,311648757,67603275,244045482,43071065,200974417,2286782
2014/8/9,20233477189,20236826133,160262764,158028887,44663092,113365795,163611708,50648384,112963324,30028086,82935238,2233877
2014/8/10,20303102834,20233477189,259534870,257313208,76427498,180885710,189909225,55462188,134447037,24599903,109847134,2221662
2014/8/11,20216049969,20303102834,331550471,329331370,102021228,227310142,418603336,60850688,357752648,40952695,316799953,2219101
2014/8/12,20164788784,20216049969,258493673,256311879,101592768,154719111,309754858,48112423,261642435,46559208,215083227,2181794
2014/8/13,20122319886,20164788784,261506619,259291103,99082207,160208896,303975517,55277175,248698342,22934891,225763451,2215516
2014/8/14,20168083115,20122319886,257702660,255446130,113303891,142142239,211939431,38957777,172981654,45402310,127579344,2256530
2014/8/15,20176118728,20168083115,244551620,242336052,83330178,159005874,236516007,47779700,188736307,38085265,150651042,2215568
2014/8/16,20171964125,20176118728,215059736,212842047,55705873,157136174,219214339,41164497,178049842,38363021,139686821,2217689
2014/8/17,20182378312,20171964125,149978271,147777403,42442478,105334925,139564084,40085759,99478325,28147769,71330556,2200868
2014/8/18,20221708442,20182378312,298499146,296308680,84557465,211751215,259169016,55584679,203584337,52598310,150986027,2190466
2014/8/19,20233180538,20221708442,266401973,264196458,108645683,155550775,254929877,74648794,180281083,33028860,147252223,2205515
2014/8/20,20339106448,20233180538,308378692,306133606,134420983,171712623,202452782,73775504,128677278,28451096,100226182,2245086
2014/8/21,20370906609,20339106448,251763517,249525712,85818188,163707524,219963356,70493107,149470249,18207816,131262433,2237805
2014/8/22,20437873459,20370906609,246316056,244094164,97266695,146827469,179349206,74322748,105026458,13620285,91406173,2221892
2014/8/23,20379907955,20437873459,141412027,139192764,42797254,96395510,199377531,63911142,135466389,28401389,107065000,2219263
2014/8/24,20319023288,20379907955,130195484,127991522,43143686,84847836,191080151,52046987,139033164,15507226,123525938,2203962
2014/8/25,20316184100,20319023288,309574223,307361141,92282025,215079116,312413411,96656751,215756660,27159616,188597044,2213082
2014/8/26,20337650626,20316184100,306945089,304747497,124460527,180286970,285478563,88192408,197286155,14814754,182471401,2197592
2014/8/27,20171681280,20337650626,302194801,299973007,102372488,197600519,468164147,107408171,360755976,20966937,339789039,2221794
2014/8/28,20118870170,20171681280,245082751,242887647,56734596,186153051,297893861,98896299,198997562,15732174,183265388,2195104
2014/8/29,20112668503,20118870170,267554713,265335172,87236719,178098453,273756380,103967802,169788578,27979322,141809256,2219541
2014/8/30,20116003141,20112668503,199708772,197483663,84798329,112685334,196374134,70813897,125560237,32453185,93107052,2225109
2014/8/31,20098150321,20116003141,275090213,272878511,148125324,124753187,292943033,106464912,186478121,24503950,161974171,2211702
